500
1 323 889
2 257 275
3 344 613
4 795 176
5 315 258
6 117 835
7 419 533
8 219 127
9 274 975
10 722 615
11 792 558
12 769 203
13 104 759
14 474 685
15 752 24
16 746 741
17 796 914
18 901 82
19 965 991
20 206 962
21 574 272
22 365 107
23 656 802
24 257 50
25 799 514
26 177 725
27 804 503
28 310 252
29 995 767
30 355 981
31 744 53
32 167 609
33 726 353
34 538 592
35 560 631
36 166 708
37 340 877
38 936 629
39 412 192
40 159 616
41 967 334
42 597 758
43 816 346
44 684 586
45 533 995
46 82 51
47 626 109
48 64 947
49 639 92
50 463 951
51 352 982
52 308 168
53 3 905
54 654 113
55 791 886
56 869 9
57 763 708
58 62 651
59 469 503
60 268 13
61 484 274
62 416 15
63 536 266
64 204 76
65 512 949
66 309 421
67 396 196
68 752 132
69 173 885
70 750 854
71 194 148
72 50 149
73 156 530
74 827 997
75 3 702
76 693 541
77 66 828
78 61 416
79 209 211
80 684 285
81 306 204
82 419 387
83 814 343
84 409 361
85 977 504
86 329 573
87 387 18
88 159 460
89 560 626
90 20 970
91 954 984
92 384 913
93 478 345
94 56 847
95 909 873
96 552 364
97 123 991
98 706 585
99 861 201
100 216 583
101 919 682
102 438 38
103 971 385
104 140 333
105 609 284
106 642 634
107 995 468
108 325 379
109 368 138
110 385 788
111 36 795
112 415 841
113 589 448
114 794 871
115 89 161
116 900 798
117 790 428
118 998 441
119 611 144
120 264 665
121 613 950
122 405 871
123 92 282
124 451 689
125 832 751
126 441 375
127 590 297
128 442 214
129 543 871
130 946 988
131 650 392
132 678 509
133 528 284
134 800 326
135 337 39
136 59 856
137 406 2
138 124 519
139 815 403
140 258 796
141 718 886
142 720 560
143 99 243
144 520 17
145 504 946
146 298 266
147 528 141
148 557 422
149 52 885
150 117 589
151 247 591
152 542 274
153 731 743
154 24 932
155 330 814
156 36 460
157 18 177
158 661 182
159 459 810
160 330 988
161 210 363
162 163 919
163 307 200
164 802 511
165 34 92
166 21 13
167 267 399
168 289 559
169 548 406
170 969 420
171 871 347
172 558 104
173 780 951
174 809 202
175 934 253
176 576 365
177 612 665
178 725 284
179 635 905
180 237 489
181 59 931
182 295 735
183 695 71
184 899 550
185 337 686
186 998 111
187 501 379
188 627 730
189 660 928
190 651 932
191 548 605
192 217 892
193 110 629
194 343 816
195 761 137
196 941 572
197 693 121
198 364 243
199 122 64
200 229 896
201 185 903
202 23 255
203 652 829
204 369 768
205 602 61
206 780 340
207 229 440
208 773 819
209 624 190
210 250 557
211 531 623
212 251 943
213 185 542
214 523 681
215 508 376
216 926 909
217 239 610
218 365 219
219 819 929
220 864 155
221 462 925
222 732 210
223 202 185
224 21 592
225 682 980
226 853 201
227 322 99
228 294 292
229 767 3
230 245 544
231 109 554
232 127 941
233 552 981
234 752 258
235 332 455
236 753 331
237 849 329
238 146 981
239 57 37
240 993 933
241 636 255
242 433 797
243 415 150
244 455 41
245 656 775
246 641 682
247 316 219
248 528 848
249 397 426
250 783 213
251 118 496
252 932 471
253 49 471
254 838 679
255 684 510
256 512 296
257 446 272
258 678 513
259 152 367
260 677 887
261 514 522
262 464 829
263 587 773
264 80 685
265 262 513
266 235 580
267 169 451
268 624 257
269 336 481
270 34 982
271 105 891
272 427 642
273 361 446
274 451 869
275 943 190
276 393 958
277 919 605
278 873 74
279 442 927
280 527 14
281 83 737
282 755 439
283 77 33
284 238 567
285 660 719
286 59 155
287 642 84
288 609 130
289 539 585
290 953 273
291 794 836
292 59 189
293 965 311
294 669 857
295 767 706
296 870 665
297 548 754
298 168 989
299 802 961
300 277 90
301 191 399
302 956 117
303 445 233
304 187 730
305 893 962
306 95 252
307 315 600
308 922 486
309 430 856
310 828 41
311 515 676
312 133 439
313 258 452
314 938 551
315 65 571
316 734 946
317 615 739
318 99 838
319 36 99
320 849 840
321 248 544
322 661 688
323 945 786
324 254 719
325 72 385
326 661 308
327 6 487
328 595 640
329 795 576
330 168 102
331 256 975
332 392 295
333 998 811
334 40 476
335 766 914
336 2 133
337 946 692
338 77 811
339 187 315
340 817 265
341 101 737
342 961 456
343 88 563
344 865 771
345 729 637
346 602 664
347 528 830
348 292 728
349 923 685
350 740 776
351 51 60
352 614 17
353 477 692
354 405 510
355 379 114
356 464 540
357 940 144
358 855 942
359 514 639
360 39 145
361 770 3
362 929 453
363 170 103
364 266 414
365 654 827
366 798 834
367 139 163
368 679 404
369 847 66
370 653 256
371 760 191
372 238 856
373 693 303
374 648 38
375 562 531
376 699 275
377 152 739
378 405 967
379 532 74
380 401 186
381 671 628
382 456 402
383 646 926
384 442 174
385 746 957
386 702 179
387 562 98
388 272 868
389 984 837
390 283 672
391 882 295
392 528 175
393 554 372
394 765 660
395 568 568
396 809 914
397 437 177
398 359 816
399 484 830
400 946 478
401 77 206
402 304 221
403 153 700
404 425 666
405 349 298
406 113 355
407 720 372
408 692 365
409 103 822
410 618 38
411 292 256
412 164 438
413 99 721
414 798 531
415 701 970
416 252 669
417 959 348
418 386 751
419 501 404
420 879 840
421 308 630
422 130 25
423 622 209
424 848 799
425 913 705
426 676 259
427 90 282
428 88 104
429 782 972
430 234 892
431 641 914
432 915 139
433 962 79
434 52 185
435 871 163
436 538 719
437 61 10
438 197 896
439 731 566
440 747 771
441 775 334
442 362 835
443 641 175
444 301 990
445 63 34
446 238 595
447 248 78
448 813 480
449 637 24
450 744 363
451 125 8
452 868 903
453 328 773
454 890 145
455 790 515
456 630 243
457 465 644
458 972 632
459 992 470
460 244 681
461 734 940
462 552 456
463 298 727
464 546 324
465 984 502
466 76 476
467 264 283
468 586 191
469 741 184
470 890 995
471 609 673
472 224 677
473 975 572
474 443 401
475 25 15
476 684 729
477 803 953
478 560 643
479 400 596
480 276 734
481 451 529
482 840 838
483 280 108
484 439 657
485 149 665
486 517 560
487 363 735
488 586 810
489 209 677
490 119 781
491 451 739
492 110 958
493 959 729
494 823 979
495 760 269
496 184 584
497 470 745
498 701 111
499 302 916
500 960 107
