500
1 179 120
2 31 274
3 45 141
4 756 257
5 764 134
6 533 188
7 838 831
8 350 5
9 20 309
10 514 261
11 925 770
12 166 382
13 905 741
14 262 205
15 721 136
16 883 844
17 716 878
18 122 718
19 173 420
20 995 580
21 803 415
22 703 904
23 513 567
24 83 401
25 911 515
26 269 398
27 960 965
28 781 102
29 767 655
30 678 904
31 435 470
32 461 14
33 234 278
34 961 119
35 525 590
36 699 860
37 401 61
38 456 931
39 550 700
40 548 731
41 619 758
42 578 464
43 953 119
44 265 832
45 550 897
46 841 532
47 397 348
48 311 715
49 941 878
50 357 811
51 583 577
52 125 153
53 780 725
54 47 556
55 390 278
56 929 565
57 806 983
58 335 657
59 262 894
60 155 146
61 87 890
62 246 322
63 846 243
64 976 650
65 723 936
66 61 787
67 354 855
68 321 483
69 613 761
70 445 186
71 74 195
72 665 973
73 353 525
74 612 530
75 385 804
76 11 53
77 891 914
78 30 395
79 86 705
80 25 29
81 453 172
82 234 159
83 750 671
84 590 449
85 789 912
86 953 886
87 472 893
88 221 300
89 356 184
90 890 219
91 576 137
92 112 369
93 224 714
94 969 453
95 789 297
96 354 26
97 683 697
98 139 623
99 747 122
100 261 781
101 642 154
102 819 536
103 58 124
104 84 857
105 359 152
106 753 515
107 997 491
108 66 646
109 264 193
110 478 89
111 459 192
112 42 858
113 717 551
114 985 530
115 618 310
116 917 549
117 494 88
118 165 672
119 367 182
120 535 462
121 123 318
122 728 28
123 103 12
124 506 867
125 937 183
126 917 14
127 433 576
128 266 173
129 308 702
130 83 586
131 1 189
132 471 490
133 344 777
134 517 413
135 998 909
136 110 129
137 390 33
138 216 556
139 485 691
140 784 57
141 853 981
142 751 526
143 877 944
144 457 659
145 886 351
146 690 77
147 905 487
148 554 147
149 943 981
150 811 1
151 457 225
152 600 683
153 354 273
154 24 716
155 497 529
156 347 744
157 371 506
158 852 575
159 560 640
160 72 740
161 405 553
162 166 716
163 98 11
164 359 266
165 957 84
166 856 98
167 543 824
168 126 380
169 653 479
170 137 244
171 394 69
172 364 656
173 763 678
174 499 466
175 315 249
176 54 39
177 959 596
178 46 798
179 21 577
180 798 325
181 801 703
182 404 417
183 120 252
184 527 284
185 377 482
186 106 764
187 960 471
188 562 561
189 285 273
190 613 623
191 340 202
192 908 989
193 398 929
194 275 741
195 640 617
196 110 77
197 571 613
198 310 557
199 420 292
200 435 123
201 364 114
202 732 483
203 883 904
204 390 427
205 408 300
206 754 822
207 133 707
208 162 686
209 17 927
210 668 847
211 757 572
212 791 242
213 347 751
214 838 8
215 739 113
216 508 200
217 904 64
218 151 499
219 379 846
220 623 493
221 54 158
222 425 494
223 556 821
224 367 802
225 95 894
226 450 238
227 538 961
228 363 580
229 425 516
230 662 841
231 509 353
232 424 716
233 964 482
234 906 794
235 32 323
236 294 968
237 127 480
238 698 888
239 539 607
240 563 209
241 594 62
242 484 456
243 217 80
244 599 515
245 781 468
246 859 783
247 922 39
248 887 215
249 32 219
250 950 937
251 490 207
252 459 796
253 209 521
254 126 909
255 376 441
256 120 746
257 457 360
258 811 398
259 393 73
260 838 510
261 375 863
262 384 147
263 74 432
264 626 905
265 972 512
266 874 615
267 233 377
268 429 729
269 869 1
270 597 43
271 893 548
272 891 526
273 308 643
274 343 543
275 961 861
276 902 534
277 615 118
278 595 365
279 590 646
280 161 266
281 704 299
282 679 406
283 878 25
284 309 415
285 355 568
286 710 434
287 49 159
288 991 165
289 755 928
290 167 797
291 419 908
292 639 523
293 893 576
294 28 756
295 228 800
296 963 281
297 292 211
298 4 4
299 567 191
300 226 309
301 203 263
302 634 580
303 404 818
304 858 247
305 390 926
306 708 878
307 862 524
308 226 149
309 282 278
310 324 994
311 813 630
312 136 904
313 784 41
314 898 923
315 814 156
316 333 604
317 790 357
318 16 327
319 278 149
320 420 860
321 949 277
322 637 395
323 450 31
324 23 356
325 836 190
326 531 637
327 2 881
328 970 357
329 444 507
330 281 97
331 961 47
332 269 460
333 314 514
334 841 644
335 663 553
336 862 827
337 457 781
338 427 308
339 943 60
340 485 55
341 61 210
342 640 62
343 49 376
344 542 65
345 984 260
346 784 814
347 650 304
348 771 309
349 889 95
350 268 387
351 79 741
352 696 478
353 80 703
354 261 1
355 933 92
356 325 895
357 675 394
358 748 69
359 508 483
360 263 491
361 332 409
362 607 716
363 423 376
364 527 783
365 73 155
366 866 764
367 646 738
368 921 107
369 507 466
370 428 137
371 844 845
372 510 796
373 384 492
374 590 42
375 834 347
376 491 533
377 633 460
378 895 329
379 122 790
380 784 785
381 644 142
382 75 871
383 852 879
384 26 283
385 339 423
386 927 574
387 701 658
388 801 646
389 802 722
390 847 252
391 242 495
392 914 661
393 477 844
394 432 535
395 418 154
396 46 956
397 129 201
398 510 619
399 713 276
400 362 773
401 926 852
402 327 750
403 590 872
404 213 837
405 531 156
406 302 325
407 622 159
408 941 12
409 442 457
410 410 564
411 350 85
412 379 209
413 967 403
414 428 578
415 150 889
416 234 155
417 301 731
418 908 458
419 200 913
420 787 496
421 154 96
422 148 3
423 853 955
424 308 994
425 782 588
426 659 305
427 488 813
428 564 885
429 584 284
430 956 202
431 841 687
432 969 435
433 945 196
434 821 377
435 820 748
436 355 489
437 935 776
438 753 151
439 719 276
440 238 287
441 507 220
442 886 765
443 303 45
444 180 603
445 851 5
446 399 764
447 372 717
448 224 894
449 857 77
450 859 309
451 32 657
452 772 182
453 354 587
454 356 985
455 68 57
456 980 235
457 536 801
458 737 2
459 563 98
460 128 250
461 856 189
462 468 423
463 853 571
464 375 780
465 948 368
466 989 940
467 558 233
468 151 680
469 875 850
470 606 376
471 348 547
472 573 525
473 540 868
474 500 262
475 100 606
476 499 913
477 439 620
478 980 997
479 302 922
480 821 613
481 348 524
482 52 8
483 644 843
484 395 591
485 642 348
486 790 782
487 303 73
488 82 742
489 641 259
490 569 378
491 418 208
492 707 185
493 816 546
494 695 580
495 493 217
496 290 649
497 168 626
498 295 671
499 444 935
500 129 258
