540
1 68 369
2 391 73
3 14 613
4 446 992
5 815 900
6 610 339
7 598 496
8 201 29
9 663 464
10 255 42
11 599 774
12 161 563
13 211 892
14 106 523
15 596 299
16 460 965
17 862 832
18 888 896
19 482 638
20 944 298
21 132 587
22 722 978
23 109 123
24 971 866
25 408 43
26 70 540
27 206 285
28 948 32
29 433 689
30 159 472
31 184 351
32 988 11
33 570 985
34 435 687
35 583 602
36 165 613
37 887 573
38 523 946
39 592 583
40 94 472
41 923 888
42 249 205
43 476 375
44 362 516
45 696 963
46 517 219
47 486 262
48 616 522
49 332 485
50 398 214
51 998 650
52 592 146
53 898 907
54 106 205
55 603 976
56 183 144
57 362 832
58 1 913
59 967 287
60 389 517
61 881 515
62 631 940
63 305 335
64 88 713
65 997 345
66 511 197
67 428 594
68 706 488
69 581 672
70 876 469
71 192 808
72 850 760
73 951 744
74 585 21
75 523 668
76 687 182
77 997 978
78 855 882
79 202 69
80 355 389
81 278 82
82 344 161
83 334 972
84 137 548
85 65 782
86 806 460
87 697 573
88 645 578
89 890 583
90 358 635
91 751 152
92 180 508
93 972 278
94 849 979
95 763 897
96 838 264
97 278 43
98 310 55
99 994 193
100 783 939
101 78 652
102 243 854
103 683 373
104 595 708
105 712 346
106 519 871
107 541 982
108 207 873
109 123 645
110 849 178
111 859 913
112 900 372
113 755 136
114 130 104
115 914 393
116 480 802
117 265 587
118 108 340
119 801 566
120 932 166
121 401 591
122 107 63
123 810 390
124 842 30
125 427 605
126 459 646
127 119 411
128 377 655
129 122 570
130 896 282
131 889 108
132 9 714
133 664 864
134 632 618
135 189 379
136 359 559
137 65 911
138 735 295
139 230 747
140 99 59
141 246 247
142 329 86
143 198 349
144 840 907
145 715 584
146 268 44
147 1000 69
148 888 575
149 231 856
150 940 76
151 281 237
152 256 602
153 205 725
154 853 394
155 763 617
156 468 210
157 337 961
158 742 897
159 38 354
160 538 36
161 461 250
162 224 329
163 87 943
164 573 929
165 785 498
166 412 911
167 998 497
168 6 394
169 976 488
170 752 938
171 126 763
172 908 319
173 374 962
174 760 746
175 71 777
176 190 800
177 477 202
178 104 86
179 14 790
180 260 167
181 327 758
182 590 267
183 814 709
184 667 148
185 185 483
186 562 720
187 594 346
188 582 336
189 159 502
190 815 789
191 552 102
192 726 131
193 267 841
194 92 484
195 668 403
196 823 66
197 990 905
198 58 308
199 965 826
200 299 927
201 35 292
202 989 547
203 195 992
204 335 329
205 413 130
206 442 662
207 222 752
208 276 754
209 729 663
210 679 966
211 221 974
212 131 983
213 553 298
214 510 144
215 972 262
216 639 438
217 648 530
218 573 237
219 453 457
220 277 271
221 984 695
222 222 13
223 854 869
224 714 563
225 677 197
226 459 930
227 871 359
228 474 714
229 195 805
230 944 431
231 378 568
232 897 503
233 4 376
234 964 297
235 974 966
236 192 194
237 373 137
238 105 974
239 500 467
240 850 307
241 54 8
242 338 50
243 42 615
244 400 584
245 274 381
246 728 40
247 488 283
248 487 530
249 6 836
250 383 774
251 326 934
252 75 38
253 3 432
254 348 157
255 976 25
256 438 584
257 459 16
258 118 485
259 508 254
260 876 355
261 481 19
262 541 592
263 626 557
264 297 836
265 212 952
266 361 198
267 161 913
268 390 593
269 159 324
270 579 924
271 383 951
272 499 900
273 142 912
274 856 342
275 3 664
276 599 374
277 222 276
278 430 187
279 671 791
280 156 57
281 305 328
282 64 319
283 94 919
284 71 29
285 308 178
286 471 646
287 848 317
288 200 81
289 749 683
290 766 540
291 820 692
292 214 369
293 765 268
294 487 940
295 730 995
296 630 5
297 622 337
298 701 897
299 824 631
300 1000 366
301 45 868
302 64 649
303 251 129
304 711 600
305 311 148
306 111 946
307 1 114
308 364 919
309 29 151
310 908 181
311 461 168
312 961 77
313 689 977
314 851 173
315 10 662
316 523 3
317 620 826
318 974 802
319 501 588
320 141 778
321 785 158
322 992 176
323 148 644
324 369 977
325 594 639
326 992 521
327 812 715
328 657 256
329 359 482
330 135 403
331 132 553
332 198 456
333 938 51
334 655 658
335 320 560
336 339 581
337 513 128
338 347 861
339 825 918
340 492 618
341 428 12
342 348 255
343 959 701
344 375 961
345 203 445
346 78 59
347 427 778
348 53 88
349 29 105
350 136 316
351 129 580
352 564 561
353 968 300
354 958 580
355 941 715
356 261 28
357 888 850
358 691 221
359 895 656
360 773 402
361 386 966
362 981 627
363 418 741
364 58 173
365 846 318
366 285 825
367 701 906
368 606 914
369 803 421
370 442 927
371 634 66
372 883 774
373 784 763
374 43 742
375 105 508
376 450 498
377 524 969
378 983 808
379 124 779
380 655 571
381 464 379
382 75 510
383 766 668
384 404 419
385 802 331
386 992 772
387 66 613
388 769 6
389 990 723
390 796 618
391 631 650
392 741 688
393 563 209
394 859 581
395 852 893
396 756 255
397 410 745
398 52 654
399 876 459
400 631 770
401 133 906
402 904 409
403 955 982
404 804 52
405 830 939
406 916 136
407 738 138
408 394 588
409 165 946
410 163 878
411 457 281
412 952 580
413 808 171
414 602 75
415 338 65
416 433 239
417 156 110
418 50 939
419 238 942
420 78 28
421 285 978
422 206 595
423 512 430
424 425 929
425 117 794
426 820 173
427 763 72
428 834 749
429 169 979
430 419 286
431 220 676
432 635 484
433 824 152
434 612 413
435 681 717
436 156 490
437 462 177
438 785 774
439 797 446
440 789 25
441 68 139
442 590 363
443 674 797
444 937 610
445 724 315
446 834 335
447 143 146
448 59 8
449 802 862
450 666 897
451 799 673
452 540 577
453 856 702
454 133 199
455 457 36
456 117 839
457 381 933
458 281 151
459 323 710
460 999 861
461 29 97
462 953 963
463 954 321
464 472 965
465 826 570
466 73 674
467 869 898
468 471 281
469 148 14
470 44 883
471 118 981
472 312 707
473 13 420
474 334 459
475 395 205
476 233 580
477 832 71
478 784 713
479 581 653
480 112 350
481 609 442
482 797 302
483 456 882
484 869 239
485 882 614
486 682 581
487 957 198
488 684 292
489 846 678
490 765 689
491 599 871
492 793 431
493 0 279
494 114 822
495 185 320
496 895 546
497 460 936
498 903 560
499 148 577
500 650 198
501 254 88
502 516 63
503 643 862
504 544 898
505 146 817
506 160 993
507 401 490
508 569 722
509 60 65
510 366 798
511 477 431
512 470 517
513 344 76
514 767 236
515 820 70
516 413 26
517 648 801
518 122 52
519 399 752
520 149 473
521 106 244
522 687 534
523 289 250
524 657 138
525 723 71
526 2 370
527 663 496
528 225 137
529 147 186
530 607 72
531 575 646
532 961 173
533 778 936
534 386 282
535 207 108
536 696 22
537 40 197
538 139 692
539 779 797
540 97 691
